1.042358277
2.938775510
6.537142857
10.351746032
14.333968254
18.169614512
21.972244898
25.777052154
29.714285714
34.453333333
38.384761905
42.580317460
46.466031746
50.280634921
54.080000000
57.335873016
60.643265306
64.210430839
69.389206349
74.163809524
77.795555556
81.208888889
84.388571429
87.841088435
91.445986395
94.894149660
98.533877551
102.025578231
105.882993197
109.409523810
112.753197279
116.601904762
120.572517007
124.316734694
128.017074830
131.221768707
134.308571429
137.422222222
140.612063492
144.182857143
148.017777778
151.680000000
155.057777778
158.095238095
161.315555556
164.891428571
168.660317460
172.510476190
176.380952381
180.165079365
183.629206349
186.651428571
189.500952381
192.081269841
194.686984127
197.099682540
199.578412698
202.031746032
204.911746032
207.923809524
210.504126984
213.307936508
216.198095238
219.022222222
221.922539683
224.594285714
227.550476190
230.567619048
233.752380952
236.535873016
239.547936508
244.007619048
247.745306122
251.209795918
255.288888889
258.728344671
262.251972789
265.462131519
268.705668934
272.101587302
276.564172336
280.163265306
284.452562358
289.037641723
295.357823129
303.116190476