1.044897959
2.745759637
6.193922902
10.051337868
13.830385488
17.592018141
21.302857143
25.077551020
29.062675737
33.642811791
36.954557823
41.119637188
45.057959184
48.542040816
52.120816327
55.784489796
60.052244898
64.218412698
69.409523810
74.337959184
77.704126984
80.907755102
83.972789116
87.902040816
92.038095238
95.886802721
99.844353741
104.254693878
107.763809524
111.203265306
114.346666667
118.682993197
123.023673469
126.785306122
130.686258503
134.770068027
137.817687075
141.287619048
145.145034014
149.516190476
153.530340136
157.561904762
161.571700680
165.886258503
169.451972789
172.878367347
176.130612245
179.676009070
183.309931973
186.717460317
191.152471655
194.937324263
198.089433107
201.585487528
205.656235828
209.654421769
213.587301587
217.781405896
222.229478458
226.169614512
229.957369615
233.411337868
237.126530612
242.142040816
245.903356009
249.839455782
254.519727891
258.199365079
262.048072562
265.701587302
269.823129252
274.020861678
279.252607710
284.088163265
290.133333333
295.470294785
301.358730159
312.141496599