2.546938776
4.749931973
9.077551020
13.815873016
17.806802721
22.407256236
26.946031746
31.146666667
35.735873016
41.822040816
45.983492063
50.565079365
54.313650794
58.672108844
62.418140590
66.024489796
70.130793651
73.939591837
79.040000000
83.783401361
87.736598639
91.185487528
94.352834467
98.220408163
102.240362812
105.868480726
109.104761905
112.638548753
115.998185941
119.066122449
121.861224490
125.309387755
128.747755102
132.153469388
135.314285714
138.488163265
141.405170068
144.522448980
147.700680272
151.746031746
155.872653061
159.310657596
162.325623583
165.345306122
167.990204082
170.788571429
173.760000000
177.756734694
181.838367347
185.746938776
188.813061224
191.990204082
195.017142857
197.929795918
200.604081633
203.203265306
206.426122449
210.497959184
214.413061224
217.869206349
220.805079365
224.675555556
228.596825397
232.320000000
236.154920635
239.933968254
244.070748299
248.696598639
253.196190476
256.561632653
260.329795918
268.817777778
273.480272109
278.461678005
282.898866213
286.403628118
289.745124717
292.912471655
296.341043084
300.161632653
305.387755102
309.790476190
317.235374150
323.345124717
330.659410431
340.819591837